0
0
0
0

0
0
0
0

0
0
0
0

0
0
0
0

0
0
0
0

8
8
12
12

22
18
21
25

33
34
32
39

46
47
49
54

46
49
54
47

46
54
48
50

46
48
52
56

46
52
59
51

51
59
55
56

51
55
61
64

57
61
70
61

68
70
68
68

68
68
76
78

78
76
87
77

91
87
87
86

93
97
97
98

105
101
110
109

120
115
122
114

-122
-124
-128
-127

-114
-108
-112
-109

-114
-112
-108
-109

-114
-108
-111
-108

-114
-111
-106
-106

-114
-106
-108
-103

-114
-108
-102
-99

-108
-102
-103
-94

-107
-103
-96
-88

-98
-96
-96
-81

-96
-96
-88
-73

-86
-88
-80
-64

-76
-80
-70
-54

-64
-70
-59
-43

-51
-56
-47
-31

-37
-41
-34
-18

-22
-25
-20
-4

-6
-8
-5
11

-6
-5
11
-5

-3
11
-4
-4

-3
-4
-2
13

-3
-2
16
0

8
16
4
2

8
4
7
21

8
7
27
11

25
27
18
14

25
25
22
35

25
27
44
34

48
44
44
37

50
54
48
55

56
58
67
66

77
67
79
71

91
89
85
81

99
105
96
104

99
96
105
104

99
105
97
105

99
97
107
107

99
107
100
110

99
100
111
114

105
111
105
119

105
105
117
125

115
117
116
-124

116
116
125
-116

127
125
-123
-107

-119
-123
-113
-97

-107
-113
-102
-86

-94
-99
-90
-74

-80
-84
-77
-61

-65
-68
-63
-47

-49
-51
-48
-32

-49
-48
-32
-48

-46
-32
-47
-47

-46
-47
-45
-30

-46
-45
-27
-43

-35
-27
-39
-41

-35
-39
-36
-22

-35
-36
-16
-32

-18
-16
-25
-29

-18
-18
-21
-8

-18
-16
1
-9

5
1
1
-6

7
11
5
12

13
15
24
23

34
24
36
28

48
46
42
38

56
62
53
61

56
53
62
61

56
62
54
62

56
54
64
64

56
64
57
67

56
57
68
71

62
68
62
76

62
62
74
82

72
74
73
89

73
73
82
97

84
82
90
106

94
90
100
116

106
100
111
127

119
114
123
-117

-123
-127
-120
-104

-108
-111
-106
-90

-92
-94
-91
-75

-92
-91
-75
-91

-89
-75
-90
-90

-89
-90
-88
-73

-89
-88
-70
-86

-78
-70
-82
-84

-78
-82
-79
-65

-78
-79
-59
-75

-61
-59
-68
-72

-61
-61
-64
-51

-61
-59
-42
-52

-38
-42
-42
-49

-36
-32
-38
-31

-30
-28
-19
-20

-9
-19
-7
-15

5
3
-1
-5

13
19
10
18

13
10
19
18

13
19
11
19

13
11
21
21

13
21
14
24

13
14
25
28

19
25
19
33

19
19
31
39

29
31
30
46

30
30
39
54

41
39
47
63

51
47
57
73

63
57
68
84

76
71
80
96

90
86
93
109

105
102
107
123

121
119
122
-118

121
122
-118
122

124
-118
123
123

124
123
125
-116

124
125
-113
127

-121
-113
-125
-127

-121
-125
-122
-108

-121
-122
-102
-118

-104
-102
-111
-115

-104
-104
-107
-94

-104
-102
-85
-95

-81
-85
-85
-92

-79
-75
-81
-74

-73
-71
-62
-63

-52
-62
-50
-58

-38
-40
-44
-48

-30
-24
-33
-25

-30
-33
-24
-25

-30
-24
-32
-24

-30
-32
-22
-22

-30
-22
-29
-19

-30
-29
-18
-15

-24
-18
-24
-10

-24
-24
-12
-4

-14
-12
-13
3

-13
-13
-4
11

-2
-4
4
20

8
4
14
30

20
14
25
41

33
28
37
53

47
43
50
66

62
59
64
80

78
76
79
95

78
79
95
79

81
95
80
80

81
80
82
97

81
82
100
84

92
100
88
86

92
88
91
105

92
91
111
95

109
111
102
98

109
109
106
119

109
111
-128
118

-124
-128
-128
121

-122
-118
-124
-117

-116
-114
-105
-106

-95
-105
-93
-101

-81
-83
-87
-91

-73
-67
-76
-68

-73
-76
-67
-68

-73
-67
-75
-67

-73
-75
-65
-65

-73
-65
-72
-62

-73
-72
-61
-58

-67
-61
-67
-53

-67
-67
-55
-47

-57
-55
-56
-40

-56
-56
-47
-32

-45
-47
-39
-23

-35
-39
-29
-13

-23
-29
-18
-2

-10
-15
-6
10

4
0
7
23

19
16
21
37

35
33
36
52

35
36
52
36

38
52
37
37

38
37
39
54

38
39
57
41

49
57
45
43

49
45
48
62

49
48
68
52

66
68
59
55

66
66
63
76

66
68
85
75

89
85
85
78

91
95
89
96

97
99
108
107

118
108
120
112

-124
-126
126
122

-116
-110
-119
-111

-116
-119
-110
-111

-116
-110
-118
-110

-116
-118
-108
-108

-116
-108
-115
-105

-116
-115
-104
-101

-110
-104
-110
-96

-110
-110
-98
-90

-100
-98
-99
-83

-99
-99
-90
-75

-88
-90
-82
-66

-78
-82
-72
-56

-66
-72
-61
-45

-53
-58
-49
-33

-39
-43
-36
-20

-24
-27
-22
-6

-8
-10
-7
9

-8
-7
9
-7

-5
9
-6
-6

-5
-6
-4
11

-5
-4
14
-2

6
14
2
0

6
2
5
19

6
5
25
9

23
25
16
12

23
23
20
33

23
25
42
32

46
42
42
35

48
52
46
53

54
56
65
64

75
65
77
69

89
87
83
79

97
103
94
102

97
94
103
102

97
103
95
103

97
95
105
105

97
105
98
108

97
98
109
112

103
109
103
117

103
103
115
123

113
115
114
-126

114
114
123
-118

125
123
-125
-109

-121
-125
-115
-99

-109
-115
-104
-88

-96
-101
-92
-76

-82
-86
-79
-63

-67
-70
-65
-49

-51
-53
-50
-34

-51
-50
-34
-50

-48
-34
-49
-49

-48
-49
-47
-32

-48
-47
-29
-45

-37
-29
-41
-43

-37
-41
-38
-24

-37
-38
-18
-34

-20
-18
-27
-31

-20
-20
-23
-10

-20
-18
-1
-11

3
-1
-1
-8

5
9
3
10

11
13
22
21

32
22
34
26

46
44
40
36

54
60
51
59

54
51
60
59

54
60
52
60

54
52
62
62

54
62
55
65

54
55
66
69

60
66
60
74

60
60
72
80

70
72
71
87

71
71
80
95

82
80
88
104

92
88
98
114

104
98
109
125

117
112
121
-119

-125
127
-122
-106

-110
-113
-108
-92

-94
-96
-93
-77

-94
-93
-77
-93

-91
-77
-92
-92

-91
-92
-90
-75

-91
-90
-72
-88

-80
-72
-84
-86

-80
-84
-81
-67

-80
-81
-61
-77

-63
-61
-70
-74

-63
-63
-66
-53

-63
-61
-44
-54

-40
-44
-44
-51

-38
-34
-40
-33

-32
-30
-21
-22

-11
-21
-9
-17

3
1
-3
-7

11
17
8
16

11
8
17
16

11
17
9
17

11
9
19
19

11
19
12
22

11
12
23
26

17
23
17
31

17
17
29
37

27
29
28
44

28
28
37
52

39
37
45
61

49
45
55
71

61
55
66
82

74
69
78
94

88
84
91
107

103
100
105
121

119
117
120
-120

119
120
-120
120

122
-120
121
121

122
121
123
-118

122
123
-115
125

-123
-115
-127
127

-123
-127
-124
-110

-123
-124
-104
-120

-106
-104
-113
-117

-106
-106
-109
-96

-106
-104
-87
-97

-83
-87
-87
-94

-81
-77
-83
-76

-75
-73
-64
-65

-54
-64
-52
-60

-40
-42
-46
-50

-32
-26
-35
-27

-32
-35
-26
-27

-32
-26
-34
-26

-32
-34
-24
-24

-32
-24
-31
-21

-32
-31
-20
-17

-26
-20
-26
-12

-26
-26
-14
-6

-16
-14
-15
1

-15
-15
-6
9

-4
-6
2
18

6
2
12
28

18
12
23
39

31
26
35
51

45
41
48
64

60
57
62
78

76
74
77
93

76
77
93
77

79
93
78
78

79
78
80
95

79
80
98
82

90
98
86
84

90
86
89
103

90
89
109
93

107
109
100
96

107
107
104
117

107
109
126
116

-126
126
126
119

-124
-120
-126
-119

-118
-116
-107
-108

-97
-107
-95
-103

-83
-85
-89
-93

-75
-69
-78
-70

-75
-78
-69
-70

-75
-69
-77
-69

-75
-77
-67
-67

-75
-67
-74
-64

-75
-74
-63
-60

-69
-63
-69
-55

-69
-69
-57
-49

-59
-57
-58
-42

-58
-58
-49
-34

-47
-49
-41
-25

-37
-41
-31
-15

-25
-31
-20
-4

-12
-17
-8
8

2
-2
5
21

17
14
19
35

33
31
34
50

33
34
50
34

36
50
35
35

36
35
37
52

36
37
55
39

47
55
43
41

47
43
46
60

47
46
66
50

64
66
57
53

64
64
61
74

64
66
83
73

87
83
83
76

89
93
87
94

95
97
106
105

116
106
118
110

-126
-128
124
120

-118
-112
-121
-113

-118
-121
-112
-113

-118
-112
-120
-112

-118
-120
-110
-110

-118
-110
-117
-107

-118
-117
-106
-103

-112
-106
-112
-98

-112
-112
-100
-92

-102
-100
-101
-85

-101
-101
-92
-77

-90
-92
-84
-68

-80
-84
-74
-58

-68
-74
-63
-47

-55
-60
-51
-35

-41
-45
-38
-22

-26
-29
-24
-8

-10
-12
-9
7

-10
-9
7
-9

-7
7
-8
-8

-7
-8
-6
9

-7
-6
12
-4

4
12
0
-2

4
0
3
17

4
3
23
7

21
23
14
10

21
21
18
31

21
23
40
30

44
40
40
33

46
50
44
51

52
54
63
62

73
63
75
67

87
85
81
77

95
101
92
100

95
92
101
100

95
101
93
101

95
93
103
103

95
103
96
106

95
96
107
110

101
107
101
115

101
101
113
121

111
113
112
-128

112
112
121
-120

123
121
-127
-111

-123
-127
-117
-101

-111
-117
-106
-90

-98
-103
-94
-78

-84
-88
-81
-65

-69
-72
-67
-51

-53
-55
-52
-36

-53
-52
-36
-52

-50
-36
-51
-51

-50
-51
-49
-34

-50
-49
-31
-47

-39
-31
-43
-45

-39
-43
-40
-26

-39
-40
-20
-36

-22
-20
-29
-33

-22
-22
-25
-12

-22
-20
-3
-13

1
-3
-3
-10

3
7
1
8

9
11
20
19

30
20
32
24

44
42
38
34

52
58
49
57

52
49
58
57

52
58
50
58

52
50
60
60

52
60
53
63

52
53
64
67

58
64
58
72

58
58
70
78

68
70
69
85

69
69
78
93

80
78
86
102

90
86
96
112

102
96
107
123

115
110
119
-121

-127
125
-124
-108

-112
-115
-110
-94

-96
-98
-95
-79

-96
-95
-79
-95

-93
-79
-94
-94

-93
-94
-92
-77

-93
-92
-74
-90

-82
-74
-86
-88

-82
-86
-83
-69

-82
-83
-63
-79

-65
-63
-72
-76

-65
-65
-68
-55

-65
-63
-46
-56

-42
-46
-46
-53

-40
-36
-42
-35

-34
-32
-23
-24

-13
-23
-11
-19

1
-1
-5
-9

9
15
6
14

9
6
15
14

9
15
7
15

9
7
17
17

9
17
10
20

9
10
21
24

15
21
15
29

15
15
27
35

25
27
26
42

26
26
35
50

37
35
43
59

47
43
53
69

59
53
64
80

72
67
76
92

86
82
89
105

101
98
103
119

117
115
118
-122

117
118
-122
118

120
-122
119
119

120
119
121
-120

120
121
-117
123

-125
-117
127
125

-125
127
-126
-112

-125
-126
-106
-122

-108
-106
-115
-119

-108
-108
-111
-98

-108
-106
-89
-99

-85
-89
-89
-96

-83
-79
-85
-78

-77
-75
-66
-67

-56
-66
-54
-62

-42
-44
-48
-52

-34
-28
-37
-29

-34
-37
-28
-29

-34
-28
-36
-28

-34
-36
-26
-26

-34
-26
-33
-23

-34
-33
-22
-19

-28
-22
-28
-14

-28
-28
-16
-8

-18
-16
-17
-1

-17
-17
-8
7

-6
-8
0
16

4
0
10
26

16
10
21
37

29
24
33
49

43
39
46
62

58
55
60
76

74
72
75
91

74
75
91
75

77
91
76
76

77
76
78
93

77
78
96
80

88
96
84
82

88
84
87
101

88
87
107
91

105
107
98
94

105
105
102
115

105
107
124
114

-128
124
124
117

-126
-122
-128
-121

-120
-118
-109
-110

-99
-109
-97
-105

-85
-87
-91
-95

-77
-71
-80
-72

-77
-80
-71
-72

-77
-71
-79
-71

-77
-79
-69
-69

-77
-69
-76
-66

-77
-76
-65
-62

-71
-65
-71
-57

-71
-71
-59
-51

-61
-59
-60
-44

-60
-60
-51
-36

-49
-51
-43
-27

-39
-43
-33
-17

-27
-33
-22
-6

-14
-19
-10
6

0
-4
3
19

15
12
17
33

31
29
32
48

31
32
48
32

34
48
33
33

34
33
35
50

34
35
53
37

45
53
41
39

45
41
44
58

45
44
64
48

62
64
55
51

62
62
59
72

62
64
81
71

85
81
81
74

87
91
85
92

93
95
104
103

114
104
116
108

-128
126
122
118

-120
-114
-123
-115

-120
-123
-114
-115

-120
-114
-122
-114

-120
-122
-112
-112

-120
-112
-119
-109

-120
-119
-108
-105

-114
-108
-114
-100

-114
-114
-102
-94

-104
-102
-103
-87

-103
-103
-94
-79

-92
-94
-86
-70

-82
-86
-76
-60

-70
-76
-65
-49

-57
-62
-53
-37

-43
-47
-40
-24

-28
-31
-26
-10

-12
-14
-11
5

-12
-11
5
-11

-9
5
-10
-10

-9
-10
-8
7

-9
-8
10
-6

2
10
-2
-4

2
-2
1
15

2
1
21
5

19
21
12
8

19
19
16
29

19
21
38
28

42
38
38
31

44
48
42
49

50
52
61
60

71
61
73
65

85
83
79
75

93
99
90
98

93
90
99
98

93
99
91
99

93
91
101
101

93
101
94
104

93
94
105
108

99
105
99
113

99
99
111
119

109
111
110
126

110
110
119
-122

121
119
127
-113

-125
127
-119
-103

-113
-119
-108
-92

-100
-105
-96
-80

-86
-90
-83
-67

-71
-74
-69
-53

-55
-57
-54
-38

-55
-54
-38
-54

-52
-38
-53
-53

-52
-53
-51
-36

-52
-51
-33
-49

-41
-33
-45
-47

-41
-45
-42
-28

-41
-42
-22
-38

-24
-22
-31
-35

-24
-24
-27
-14

-24
-22
-5
-15

-1
-5
-5
-12

1
5
-1
6

7
9
18
17

28
18
30
22

42
40
36
32

50
56
47
55

50
47
56
55

50
56
48
56

50
48
58
58

50
58
51
61

50
51
62
65

56
62
56
70

56
56
68
76

66
68
67
83

67
67
76
91

78
76
84
100

88
84
94
110

100
94
105
121

113
108
117
-123

127
123
-126
-110

-114
-117
-112
-96

-98
-100
-97
-81

-98
-97
-81
-97

-95
-81
-96
-96

-95
-96
-94
-79

-95
-94
-76
-92

-84
-76
-88
-90

-84
-88
-85
-71

-84
-85
-65
-81

-67
-65
-74
-78

-67
-67
-70
-57

-67
-65
-48
-58

-44
-48
-48
-55

-42
-38
-44
-37

-36
-34
-25
-26

-15
-25
-13
-21

-1
-3
-7
-11

7
13
4
12

7
4
13
12

7
13
5
13

7
5
15
15

7
15
8
18

7
8
19
22

13
19
13
27

13
13
25
33

23
25
24
40

24
24
33
48

35
33
41
57

45
41
51
67

57
51
62
78

70
65
74
90

84
80
87
103

99
96
101
117

115
113
116
-124

115
116
-124
116

118
-124
117
117

118
117
119
-122

118
119
-119
121

-127
-119
125
123

-127
125
-128
-114

-127
-128
-108
-124

-110
-108
-117
-121

-110
-110
-113
-100

-110
-108
-91
-101

-87
-91
-91
-98

-85
-81
-87
-80

-79
-77
-68
-69

-58
-68
-56
-64

-44
-46
-50
-54

-36
-30
-39
-31

-36
-39
-30
-31

-36
-30
-38
-30

-36
-38
-28
-28

-36
-28
-35
-25

-36
-35
-24
-21

-30
-24
-30
-16

-30
-30
-18
-10

-20
-18
-19
-3

-19
-19
-10
5

-8
-10
-2
14

2
-2
8
24

14
8
19
35

27
22
31
47

41
37
44
60

56
53
58
74

72
70
73
89

72
73
89
73

75
89
74
74

75
74
76
91

75
76
94
78

86
94
82
80

86
82
85
99

86
85
105
89

103
105
96
92

103
103
100
113

103
105
122
112

126
122
122
115

-128
-124
126
-123

-122
-120
-111
-112

-101
-111
-99
-107

-87
-89
-93
-97

-79
-73
-82
-74

-79
-82
-73
-74

-79
-73
-81
-73

-79
-81
-71
-71

-79
-71
-78
-68

-79
-78
-67
-64

-73
-67
-73
-59

-73
-73
-61
-53

-63
-61
-62
-46

-62
-62
-53
-38

-51
-53
-45
-29

-41
-45
-35
-19

-29
-35
-24
-8

-16
-21
-12
4

-2
-6
1
17

13
10
15
31

29
27
30
46

29
30
46
30

32
46
31
31

32
31
33
48

32
33
51
35

43
51
39
37

43
39
42
56

43
42
62
46

60
62
53
49

60
60
57
70

60
62
79
69

83
79
79
72

85
89
83
90

91
93
102
101

112
102
114
106

126
124
120
116

-122
-116
-125
-117

-122
-125
-116
-117

-122
-116
-124
-116

-122
-124
-114
-114

-122
-114
-121
-111

-122
-121
-110
-107

-116
-110
-116
-102

-116
-116
-104
-96

-106
-104
-105
-89

-105
-105
-96
-81

-94
-96
-88
-72

-84
-88
-78
-62

-72
-78
-67
-51

-59
-64
-55
-39

-45
-49
-42
-26

-30
-33
-28
-12

-14
-16
-13
3

-14
-13
3
-13

-11
3
-12
-12

-11
-12
-10
5

-11
-10
8
-8

0
8
-4
-6

0
-4
-1
13

0
-1
19
3

17
19
10
6

17
17
14
27

17
19
36
26

40
36
36
29

42
46
40
47

48
50
59
58

69
59
71
63

83
81
77
73

91
97
88
96

91
88
97
96

91
97
89
97

91
89
99
99

91
99
92
102

91
92
103
106

97
103
97
111

97
97
109
117

107
109
108
124

108
108
117
-124

119
117
125
-115

-127
125
-121
-105

-115
-121
-110
-94

-102
-107
-98
-82

-88
-92
-85
-69

-73
-76
-71
-55

-57
-59
-56
-40

-57
-56
-40
-56

-54
-40
-55
-55

-54
-55
-53
-38

-54
-53
-35
-51

-43
-35
-47
-49

-43
-47
-44
-30

-43
-44
-24
-40

-26
-24
-33
-37

-26
-26
-29
-16

-26
-24
-7
-17

-3
-7
-7
-14

-1
3
-3
4

5
7
16
15

26
16
28
20

40
38
34
30

48
54
45
53

48
45
54
53

48
54
46
54

48
46
56
56

48
56
49
59

48
49
60
63

54
60
54
68

54
54
66
74

64
66
65
81

65
65
74
89

76
74
82
98

86
82
92
108

98
92
103
119

111
106
115
-125

125
121
-128
-112

-116
-119
-114
-98

-100
-102
-99
-83

-100
-99
-83
-99

-97
-83
-98
-98

-97
-98
-96
-81

-97
-96
-78
-94

-86
-78
-90
-92

-86
-90
-87
-73

-86
-87
-67
-83

-69
-67
-76
-80

-69
-69
-72
-59

-69
-67
-50
-60

-46
-50
-50
-57

-44
-40
-46
-39

-38
-36
-27
-28

-17
-27
-15
-23

-3
-5
-9
-13

5
11
2
10

5
2
11
10

5
11
3
11

5
3
13
13

5
13
6
16

5
6
17
20

11
17
11
25

11
11
23
31

21
23
22
38

22
22
31
46

33
31
39
55

43
39
49
65

55
49
60
76

68
63
72
88

82
78
85
101

97
94
99
115

113
111
114
-126

113
114
-126
114

116
-126
115
115

116
115
117
-124

116
117
-121
119

127
-121
123
121

127
123
126
-116

127
126
-110
-126

-112
-110
-119
-123

-112
-112
-115
-102

-112
-110
-93
-103

-89
-93
-93
-100

-87
-83
-89
-82

-81
-79
-70
-71

-60
-70
-58
-66

-46
-48
-52
-56

-38
-32
-41
-33

-38
-41
-32
-33

-38
-32
-40
-32

-38
-40
-30
-30

-38
-30
-37
-27

-38
-37
-26
-23

-32
-26
-32
-18

-32
-32
-20
-12

-22
-20
-21
-5

-21
-21
-12
3

-10
-12
-4
12

0
-4
6
22

12
6
17
33

25
20
29
45

39
35
42
58

54
51
56
72

70
68
71
87

70
71
87
71

73
87
72
72

73
72
74
89

73
74
92
76

84
92
80
78

84
80
83
97

84
83
103
87

101
103
94
90

101
101
98
111

101
103
120
110

124
120
120
113

126
-126
124
-125

-124
-122
-113
-114

-103
-113
-101
-109

-89
-91
-95
-99

-81
-75
-84
-76

-81
-84
-75
-76

-81
-75
-83
-75

-81
-83
-73
-73

-81
-73
-80
-70

-81
-80
-69
-66

-75
-69
-75
-61

-75
-75
-63
-55

-65
-63
-64
-48

-64
-64
-55
-40

-53
-55
-47
-31

-43
-47
-37
-21

-31
-37
-26
-10

-18
-23
-14
2

-4
-8
-1
15

11
8
13
29

27
25
28
44

27
28
44
28

30
44
29
29

30
29
31
46

30
31
49
33

41
49
37
35

41
37
40
54

41
40
60
44

58
60
51
47

58
58
55
68

58
60
77
67

81
77
77
70

83
87
81
88

89
91
100
99

110
100
112
104

124
122
118
114

-124
-118
-127
-119

-124
-127
-118
-119

-124
-118
-126
-118

-124
-126
-116
-116

-124
-116
-123
-113

-124
-123
-112
-109

-118
-112
-118
-104

-118
-118
-106
-98

-108
-106
-107
-91

-107
-107
-98
-83

-96
-98
-90
-74

-86
-90
-80
-64

-74
-80
-69
-53

-61
-66
-57
-41

-47
-51
-44
-28

-32
-35
-30
-14

